  2018: 912 polygon-images
  2019: 912 polygon-images
  2020: 960 polygon-images
  2021: 1104 polygon-images
  2022: 976 polygon-images
  2023: 992 polygon-images
  2024: 960 polygon-images
  2025: 1168 polygon-images
  2026: 784 polygon-images
name     north_1471517731  north_1471517732  north_1471517733  north_1471517734  north_1471517735  north_1471517736  north_1471517737  south_1471517722  south_1471517723  south_1471517724  south_1471517725  south_1471517726  south_1471517727  south_1471517728  south_1471517729  south_1471517730
ym                                                                                                                                                                                                                                                                                                     
2018-01              0.11              0.05              0.05              0.07              0.12              0.05              0.05              0.03              0.04              0.06              0.06              0.07              0.04              0.05              0.08              0.06
2018-02               NaN               NaN               NaN               NaN               NaN               NaN               NaN               NaN               NaN               NaN               NaN              0.11              0.08               NaN              0.16              0.10
2018-03              0.12              0.06              0.06              0.08              0.13              0.06              0.07              0.04              0.05              0.08              0.08              0.09              0.04              0.07              0.09              0.07
2018-04              0.13              0.09              0.09              0.12              0.15              0.09              0.09              0.08              0.08              0.12              0.11              0.16              0.06              0.09              0.15              0.11
2018-05              0.14              0.11              0.10              0.14              0.15              0.09              0.09              0.08              0.08              0.11              0.11              0.16              0.07              0.10              0.18              0.11
2018-06              0.07              0.07              0.04              0.07              0.08              0.05              0.07              0.07              0.07              0.09              0.12              0.19              0.06              0.08              0.15              0.11
2018-07              0.04              0.04              0.04              0.05              0.04              0.04              0.05              0.05              0.04              0.04              0.04              0.05              0.03              0.04              0.04              0.05
2018-08              0.04              0.05              0.06              0.04              0.04              0.06              0.04              0.04              0.04              0.05              0.05              0.05              0.04              0.05              0.04              0.05
2018-09              0.06              0.05              0.06              0.06              0.06              0.06              0.06              0.03              0.04              0.04              0.04              0.04              0.03              0.04              0.04              0.04
2018-10              0.04              0.06              0.08              0.10              0.04              0.06              0.05              0.04              0.05              0.06              0.04              0.05              0.05              0.06              0.05              0.06
2018-11              0.11              0.14              0.12              0.12              0.13              0.08              0.06              0.29              0.18              0.12              0.14              0.17              0.25              0.17              0.16              0.13
2018-12              0.13              0.12              0.09              0.12              0.14              0.08              0.06              0.15              0.11              0.12              0.11              0.14              0.11              0.10              0.14              0.12
2019-01              0.11              0.06              0.06              0.08              0.11              0.06              0.05              0.15              0.06              0.07              0.07              0.09              0.06              0.06              0.10              0.07
2019-02              0.16              0.15              0.15              0.12              0.16              0.14              0.10              0.16              0.10              0.15              0.16              0.21              0.11               NaN              0.21              0.15
2019-03              0.12              0.06              0.06              0.08              0.13              0.06              0.05              0.14              0.06              0.07              0.07              0.09              0.07              0.07              0.10              0.07
2019-04              0.13              0.10              0.09              0.11              0.13              0.09              0.08              0.13              0.08              0.10              0.10              0.12              0.07              0.08              0.14              0.10
2019-05              0.13              0.10              0.12              0.12              0.13              0.10              0.10              0.11              0.10              0.11              0.11              0.12              0.09              0.10              0.12              0.11
2019-06              0.12              0.08              0.07              0.10              0.12              0.06              0.05              0.05              0.07              0.10              0.09              0.14              0.06              0.09              0.14              0.10
2019-07              0.10              0.05              0.04              0.06              0.11              0.04              0.04              0.04              0.04              0.05              0.05              0.09              0.04              0.05              0.09              0.06
2019-08              0.06              0.05              0.05              0.05              0.05              0.04              0.05              0.02              0.04              0.04              0.04              0.04              0.04              0.04              0.04              0.04
2019-09              0.07              0.06              0.06              0.07              0.08              0.06              0.05              0.03              0.08              0.07              0.07              0.06              0.07              0.07              0.06              0.07
2019-10              0.07              0.07              0.06              0.07              0.07              0.06              0.06              0.04              0.09              0.08              0.08              0.08              0.08              0.08              0.10              0.07
2019-11              0.11              0.04              0.03              0.06              0.11              0.05              0.05              0.16              0.02              0.04              0.04              0.06              0.02              0.03              0.07              0.04
2019-12              0.13              0.07              0.06              0.09              0.13              0.06              0.08              0.13              0.05              0.08              0.08              0.11              0.05              0.06              0.11              0.07
2020-01              0.10              0.05              0.04              0.06              0.11              0.04              0.06              0.05              0.03              0.05              0.04              0.06              0.03              0.04              0.07              0.04
2020-02              0.12              0.07              0.05              0.08              0.12              0.08              0.08              0.08              0.04              0.06              0.06              0.09              0.04              0.05              0.09              0.05
2020-03              0.11              0.07              0.05              0.08              0.11              0.06              0.06              0.06              0.04              0.07              0.06              0.10              0.03              0.05              0.10              0.06
2020-04              0.11              0.08              0.08              0.09              0.12              0.07              0.08              0.06              0.06              0.10              0.11              0.15              0.05              0.09              0.15              0.09
2020-05              0.14              0.10              0.12              0.13              0.14              0.10              0.10              0.09              0.08              0.13              0.11              0.14              0.08              0.13              0.16              0.11
2020-06              0.10              0.07              0.04              0.09              0.10              0.04              0.06              0.06              0.06              0.12              0.11              0.17              0.05              0.08              0.19              0.11
2020-07              0.04              0.05              0.03              0.05              0.05              0.04              0.04              0.04              0.04              0.05              0.04              0.05              0.04              0.04              0.06              0.04
2020-08              0.05              0.05              0.07              0.06              0.05              0.07              0.05              0.03              0.03              0.03              0.03              0.04              0.03              0.04              0.04              0.03
2020-09              0.07              0.05              0.05              0.06              0.07              0.05              0.07              0.04              0.04              0.04              0.04              0.04              0.04              0.05              0.05              0.04
2020-10              0.05              0.10              0.10              0.12              0.05              0.08              0.09              0.05              0.04              0.04              0.04              0.05              0.04              0.05              0.05              0.04
2020-11              0.11              0.08              0.06              0.10              0.11              0.06              0.05              0.11              0.07              0.09              0.09              0.11              0.07              0.08              0.11              0.09
2020-12              0.12              0.08              0.06              0.09              0.12              0.07              0.05              0.20              0.15              0.10              0.11              0.11              0.21              0.11              0.11              0.10
2021-02               NaN               NaN               NaN               NaN              0.85               NaN               NaN              0.87               NaN               NaN              0.85               NaN               NaN               NaN               NaN               NaN
2021-03              0.11              0.08              0.07              0.09              0.12              0.08              0.07              0.14              0.07              0.09              0.09              0.12              0.06              0.09              0.13              0.09
2021-04              0.12              0.08              0.08              0.10              0.12              0.08              0.06              0.09              0.07              0.09              0.09              0.13              0.06              0.09              0.12              0.09
2021-05              0.14              0.11              0.10              0.12              0.14              0.09              0.08              0.07              0.08              0.12              0.11              0.16              0.07              0.10              0.17              0.11
2021-06              0.13              0.09              0.07              0.12              0.15              0.06              0.06              0.07              0.08              0.11              0.11              0.10              0.06              0.09              0.11              0.11
2021-07              0.05              0.05              0.04              0.05              0.05              0.05              0.04              0.05              0.05              0.05              0.05              0.05              0.04              0.04              0.04              0.05
2021-08              0.03              0.04              0.04              0.03              0.03              0.04              0.03              0.04              0.04              0.04              0.04              0.04              0.04              0.05              0.04              0.04
2021-09              0.08              0.08              0.10              0.09              0.09              0.08              0.07              0.08              0.07              0.08              0.08              0.07              0.07              0.08              0.06              0.08
2021-10              0.06              0.06              0.05              0.06              0.06              0.05              0.07              0.05              0.05              0.06              0.06              0.05              0.04              0.05              0.05              0.06
2021-11              0.06              0.08              0.07              0.10              0.07              0.06              0.07              0.04              0.04              0.06              0.06              0.13              0.04              0.05              0.12              0.06
2021-12              0.11              0.05              0.05              0.07              0.11              0.05              0.06              0.04              0.04              0.06              0.05              0.08              0.04              0.05              0.09              0.05
2022-01              0.25              0.13              0.11              0.17              0.21               NaN               NaN              0.08              0.07              0.07              0.06              0.13              0.08              0.07              0.13              0.06
2022-02              0.17              0.12               NaN              0.11              0.22               NaN              0.14               NaN              0.23              0.25              0.17               NaN              0.16              0.17              0.14              0.20
2022-03              0.13              0.07              0.06              0.09              0.13              0.06              0.08              0.05              0.06              0.07              0.07              0.10              0.05              0.06              0.10              0.06
2022-04              0.13              0.10              0.09              0.11              0.13              0.08              0.07              0.08              0.08              0.16              0.15              0.19              0.07              0.12              0.19              0.14
2022-05              0.14              0.10              0.10              0.15              0.15              0.08              0.08              0.08              0.07              0.12              0.12              0.17              0.06              0.10              0.17              0.11
2022-06              0.13              0.08              0.06              0.11              0.14              0.06              0.08              0.06              0.06              0.07              0.06              0.11              0.04              0.07              0.11              0.06
2022-07              0.05              0.04              0.03              0.04              0.05              0.04              0.03              0.03              0.03              0.04              0.03              0.04              0.03              0.03              0.04              0.04
2022-08              0.04              0.04              0.04              0.03              0.04              0.05              0.04              0.03              0.03              0.03              0.04              0.04              0.03              0.03              0.04              0.03
2022-09              0.06              0.05              0.07              0.06              0.06              0.06              0.08              0.04              0.05              0.05              0.04              0.04              0.05              0.05              0.04              0.05
2022-10              0.07              0.10              0.11              0.10              0.07              0.09              0.07              0.05              0.05              0.06              0.07              0.07              0.05              0.06              0.07              0.06
2022-11              0.12              0.08              0.09              0.09              0.13              0.08              0.05              0.11              0.14              0.16              0.15              0.16              0.14              0.13              0.15              0.15
2022-12              0.12              0.08              0.08              0.09              0.13              0.07              0.05              0.11              0.10              0.15              0.15              0.14              0.10              0.11              0.14              0.14
2023-01              0.17              0.14              0.18              0.16              0.10              0.12              0.19               NaN               NaN               NaN               NaN              0.13               NaN               NaN               NaN               NaN
2023-02              0.12              0.07              0.06              0.08              0.12              0.06              0.04              0.06              0.06              0.06              0.06              0.08              0.05              0.06              0.09              0.06
2023-03              0.12              0.08              0.07              0.10              0.13              0.07              0.06              0.08              0.08              0.08              0.08              0.09              0.07              0.08              0.10              0.08
2023-04              0.14              0.13              0.10              0.16              0.14              0.09              0.08              0.09              0.10              0.14              0.13              0.17              0.08              0.10              0.18              0.13
2023-05              0.14              0.12              0.11              0.15              0.15              0.10              0.09              0.09              0.08              0.11              0.10              0.18              0.07              0.10              0.18              0.10
2023-06              0.15              0.11              0.12              0.15              0.15              0.10              0.09              0.08              0.07              0.09              0.10              0.14              0.07              0.10              0.16              0.10
2023-07              0.09              0.07              0.08              0.09              0.07              0.08              0.08              0.04              0.04              0.04              0.04              0.05              0.04              0.04              0.05              0.04
2023-08              0.03              0.04              0.04              0.04              0.03              0.05              0.04              0.04              0.04              0.03              0.03              0.03              0.04              0.03              0.04              0.03
2023-09              0.05              0.07              0.05              0.08              0.05              0.07              0.05              0.04              0.03              0.04              0.05              0.04              0.03              0.04              0.03              0.04
2023-10              0.07              0.10              0.11              0.10              0.07              0.10              0.11              0.07              0.06              0.07              0.07              0.05              0.06              0.05              0.06              0.10
2023-11              0.13              0.08              0.09              0.11              0.13              0.08              0.08              0.12              0.10              0.15              0.13              0.12              0.10              0.11              0.12              0.14
2023-12              0.11              0.06              0.07              0.08              0.11              0.06              0.06              0.09              0.09              0.12              0.11              0.12              0.09              0.10              0.11              0.11
2024-02              0.10              0.07              0.05              0.08              0.11              0.06              0.06              0.08              0.08              0.09              0.09              0.11              0.07              0.08              0.11              0.09
2024-03               NaN               NaN              0.07               NaN              0.12              0.19              0.08              0.10              0.13              0.18              0.05              0.13              0.09              0.14              0.12              0.10
2024-04              0.13              0.10              0.12              0.11              0.11              0.14              0.15              0.09              0.09              0.11              0.10              0.13              0.07              0.08              0.14              0.10
2024-05              0.23              0.13              0.26              0.12              0.25              0.26              0.26              0.10              0.10              0.14              0.14              0.18              0.09              0.11              0.17              0.13
2024-06              0.31              0.23              0.22              0.30              0.30              0.34              0.24              0.13              0.14              0.15              0.13              0.18              0.09              0.18              0.20              0.12
2024-07              0.34              0.21              0.23              0.23              0.39              0.22              0.25              0.10              0.18              0.13              0.14              0.16              0.11              0.19              0.17              0.14
2024-08              0.55              0.23              0.24              0.24              0.49              0.39              0.23              0.13              0.28              0.17              0.17              0.16              0.14              0.25              0.17              0.17
2024-09              0.58              0.26              0.42              0.28              0.58              0.42              0.20              0.12              0.26              0.15              0.17              0.13              0.22              0.24              0.17              0.13
2024-10              0.56              0.56              0.49              0.58              0.56              0.59              0.23              0.10              0.21              0.11              0.12              0.13              0.26              0.21              0.17              0.11
2024-11              0.58              0.64              0.61              0.65              0.59              0.59              0.49              0.07              0.17              0.10              0.11              0.11              0.19              0.18              0.13              0.10
2025-02               NaN              0.62              0.59               NaN               NaN              0.59              0.62              0.11              0.14              0.15              0.18              0.41              0.17              0.62              0.71              0.10
2025-03              0.60              0.65              0.60              0.64              0.60              0.61              0.62              0.16              0.38              0.18              0.12              0.57              0.22              0.66              0.68              0.12
2025-04              0.60              0.66              0.59              0.64              0.59              0.40              0.60              0.20              0.62              0.24              0.19              0.66              0.36              0.65              0.64              0.21
2025-05              0.60              0.61              0.58              0.61              0.60              0.61              0.52              0.25              0.62              0.29              0.24              0.59              0.47              0.59              0.58              0.23
2025-06              0.59              0.56              0.60              0.52              0.59              0.60              0.63              0.72              0.61              0.67              0.22              0.60              0.76              0.58              0.58              0.39
2025-07              0.60              0.60              0.57              0.59              0.59              0.56              0.57              0.73              0.60              0.66              0.25              0.56              0.71              0.57              0.57              0.57
2025-08              0.56              0.55              0.55              0.57              0.56              0.54              0.53              0.60              0.52              0.60              0.38              0.50              0.58              0.51              0.50              0.57
2025-09              0.52              0.52              0.50              0.52              0.52              0.50              0.49              0.55              0.49              0.51              0.54              0.48              0.53              0.47              0.45              0.56
2025-10              0.53              0.53              0.51              0.52              0.53              0.51              0.50              0.55              0.49              0.51              0.58              0.48              0.55              0.47              0.47              0.54
2025-11              0.53              0.53              0.51              0.53              0.53              0.51              0.50              0.54              0.49              0.51              0.59              0.48              0.54              0.48              0.47              0.53
2026-02              0.53              0.51              0.49              0.50              0.52              0.49              0.49              0.50              0.48              0.48              0.50              0.47              0.51              0.47              0.52              0.49
2026-03              0.55              0.58              0.53              0.57              0.57              0.53              0.52              0.59              0.52              0.53              0.61              0.51              0.56              0.52              0.52              0.53
2026-04              0.56              0.56              0.56              0.56              0.56              0.56              0.55              0.59              0.57              0.57              0.58              0.55              0.60              0.56              0.55              0.57
2026-05              0.55              0.56              0.55              0.55              0.55              0.56              0.56              0.59              0.56              0.57              0.58              0.55              0.59              0.56              0.55              0.57
2026-06              0.62              0.64              0.58              0.63              0.61              0.62              0.59              0.67              0.64              0.65              0.66              0.62              0.68              0.63              0.63              0.64
2026-07              0.54              0.55              0.53              0.53              0.54              0.54              0.54              0.56              0.55              0.57              0.57              0.54              0.57              0.55              0.54              0.56
2026-08              0.57              0.60              0.50              0.59               NaN              0.58              0.59              0.60              0.58              0.59              0.60              0.56              0.61              0.58              0.61              0.59
2026-09              0.53              0.53              0.52              0.52              0.52              0.52              0.51              0.55              0.53              0.53              0.53              0.51              0.56              0.51              0.51              0.52wrote results_s2/rainier_in.csv


roof-on month (first month >= threshold, sustained):
  north_1471517731           2024-06
  north_1471517732           2024-10
  north_1471517733           2024-09
  north_1471517734           2024-10
  north_1471517735           2024-06
  north_1471517736           2024-08
  north_1471517737           2024-11
  south_1471517722           2025-06
  south_1471517723           2025-03
  south_1471517724           2025-06
  south_1471517725           2025-08
  south_1471517726           2025-02
  south_1471517727           2025-04
  south_1471517728           2025-02
  south_1471517729           2025-02
  south_1471517730           2025-06
