  2018: 2304 polygon-images
  2019: 2088 polygon-images
  2020: 2256 polygon-images
  2021: 2328 polygon-images
  2022: 2472 polygon-images
  2023: 2196 polygon-images
  2024: 2472 polygon-images
  2025: 3024 polygon-images
  2026: 2040 polygon-images
name     phase1_block1  phase1_block2  phase2_mid_block1  phase2_mid_block2  phase2_mid_block3  phase2_mid_block4  phase2_south_block1  phase2_south_block2  phase2_south_block3  phase2_south_block4  phase2_south_block5  phase2_south_block6
ym                                                                                                                                                                                                                                             
2018-01           0.08           0.08               0.08               0.09               0.09               0.08                 0.09                 0.08                 0.09                 0.11                 0.10                 0.09
2018-02           0.09           0.09               0.10               0.10               0.10               0.09                 0.10                 0.09                 0.10                 0.12                 0.11                 0.10
2018-03           0.09           0.09               0.10               0.11               0.11               0.09                 0.10                 0.10                 0.10                 0.12                 0.10                 0.10
2018-04           0.09           0.09               0.08               0.10               0.10               0.09                 0.09                 0.09                 0.09                 0.11                 0.09                 0.09
2018-05           0.10           0.10               0.08               0.11               0.12               0.10                 0.09                 0.10                 0.10                 0.12                 0.11                 0.10
2018-06           0.10           0.11               0.08               0.11               0.11               0.10                 0.10                 0.09                 0.10                 0.13                 0.11                 0.10
2018-07           0.12           0.12               0.09               0.12               0.13               0.11                 0.11                 0.11                 0.12                 0.15                 0.13                 0.11
2018-08           0.10           0.10               0.08               0.11               0.11               0.09                 0.10                 0.09                 0.10                 0.13                 0.11                 0.10
2018-09           0.08           0.08               0.07               0.10               0.09               0.08                 0.10                 0.08                 0.08                 0.11                 0.08                 0.08
2018-10           0.07           0.07               0.06               0.08               0.08               0.07                 0.06                 0.07                 0.07                 0.09                 0.07                 0.07
2018-11           0.07           0.08               0.07               0.08               0.09               0.07                 0.07                 0.07                 0.07                 0.09                 0.08                 0.08
2018-12           0.08           0.08               0.08               0.09               0.09               0.07                 0.08                 0.08                 0.08                 0.10                 0.09                 0.08
2019-01           0.07           0.07               0.07               0.08               0.09               0.07                 0.08                 0.07                 0.08                 0.10                 0.08                 0.08
2019-02           0.09           0.08               0.08               0.11               0.11               0.09                 0.09                 0.07                 0.08                 0.10                 0.09                 0.09
2019-03           0.09           0.07               0.07               0.10               0.10               0.08                 0.09                 0.08                 0.09                 0.11                 0.09                 0.08
2019-04           0.07           0.07               0.06               0.08               0.09               0.07                 0.07                 0.07                 0.08                 0.09                 0.08                 0.07
2019-05           0.08           0.08               0.06               0.09               0.11               0.07                 0.07                 0.09                 0.10                 0.10                 0.09                 0.08
2019-06           0.07           0.06               0.05               0.09               0.11               0.07                 0.07                 0.09                 0.08                 0.10                 0.08                 0.07
2019-07           0.09           0.08               0.06               0.09               0.12               0.08                 0.08                 0.09                 0.10                 0.12                 0.10                 0.09
2019-08           0.10           0.09               0.08               0.10               0.12               0.09                 0.09                 0.10                 0.11                 0.13                 0.12                 0.10
2019-09           0.10           0.09               0.08               0.11               0.13               0.10                 0.10                 0.10                 0.12                 0.14                 0.12                 0.11
2019-10           0.09           0.08               0.07               0.10               0.11               0.08                 0.08                 0.09                 0.10                 0.11                 0.10                 0.09
2019-11           0.08           0.08               0.08               0.09               0.10               0.08                 0.09                 0.08                 0.09                 0.12                 0.10                 0.09
2019-12           0.07           0.07               0.07               0.08               0.09               0.07                 0.07                 0.07                 0.09                 0.10                 0.09                 0.08
2020-01           0.07           0.07               0.07               0.08               0.09               0.07                 0.08                 0.07                 0.08                 0.10                 0.09                 0.08
2020-02           0.09           0.08               0.08               0.10               0.11               0.08                 0.09                 0.09                 0.10                 0.11                 0.10                 0.09
2020-03           0.08           0.07               0.07               0.09               0.10               0.07                 0.08                 0.08                 0.09                 0.10                 0.08                 0.08
2020-04           0.08           0.07               0.05               0.09               0.10               0.07                 0.07                 0.08                 0.09                 0.11                 0.09                 0.07
2020-05           0.09           0.08               0.06               0.09               0.11               0.08                 0.08                 0.09                 0.09                 0.11                 0.10                 0.08
2020-06           0.10           0.09               0.07               0.10               0.11               0.09                 0.09                 0.09                 0.09                 0.12                 0.10                 0.09
2020-07           0.10           0.10               0.07               0.10               0.11               0.09                 0.09                 0.10                 0.10                 0.11                 0.10                 0.10
2020-08           0.10           0.10               0.08               0.10               0.12               0.09                 0.09                 0.09                 0.11                 0.12                 0.11                 0.10
2020-09           0.08           0.07               0.07               0.08               0.09               0.07                 0.07                 0.08                 0.08                 0.09                 0.08                 0.08
2020-10           0.08           0.08               0.07               0.08               0.09               0.07                 0.07                 0.08                 0.08                 0.09                 0.08                 0.08
2020-11           0.08           0.08               0.07               0.08               0.09               0.07                 0.07                 0.07                 0.08                 0.09                 0.08                 0.08
2020-12           0.08           0.09               0.08               0.09               0.09               0.08                 0.08                 0.08                 0.09                 0.10                 0.10                 0.09
2021-01           0.08           0.09               0.08               0.09               0.09               0.08                 0.08                 0.08                 0.09                 0.10                 0.09                 0.09
2021-02           0.10           0.10               0.09               0.10               0.11               0.09                 0.10                 0.09                 0.10                 0.12                 0.10                 0.09
2021-03           0.10           0.10               0.09               0.10               0.11               0.10                 0.10                 0.09                 0.10                 0.12                 0.11                 0.10
2021-04           0.10           0.11               0.10               0.11               0.12               0.10                 0.10                 0.11                 0.11                 0.12                 0.11                 0.11
2021-05           0.08           0.07               0.07               0.08               0.09               0.07                 0.08                 0.08                 0.08                 0.09                 0.08                 0.08
2021-06           0.07           0.07               0.06               0.08               0.10               0.07                 0.07                 0.09                 0.08                 0.08                 0.07                 0.08
2021-07           0.09           0.08               0.06               0.09               0.10               0.08                 0.07                 0.09                 0.09                 0.09                 0.08                 0.08
2021-08           0.09           0.09               0.07               0.10               0.11               0.08                 0.08                 0.09                 0.09                 0.10                 0.10                 0.09
2021-09           0.08           0.09               0.08               0.09               0.10               0.08                 0.09                 0.09                 0.09                 0.10                 0.09                 0.09
2021-10           0.07           0.08               0.07               0.08               0.08               0.07                 0.07                 0.07                 0.08                 0.09                 0.08                 0.07
2021-11           0.07           0.08               0.10               0.08               0.08               0.07                 0.07                 0.07                 0.07                 0.09                 0.07                 0.08
2021-12           0.08           0.10               0.15               0.10               0.10               0.09                 0.14                 0.09                 0.09                 0.11                 0.09                 0.09
2022-01           0.08           0.10               0.15               0.09               0.09               0.08                 0.13                 0.08                 0.08                 0.11                 0.09                 0.09
2022-02           0.09           0.10               0.16               0.10               0.10               0.10                 0.14                 0.09                 0.10                 0.12                 0.10                 0.10
2022-03           0.10           0.11               0.18               0.11               0.11               0.11                 0.16                 0.10                 0.11                 0.13                 0.11                 0.11
2022-04           0.10           0.11               0.17               0.11               0.11               0.10                 0.15                 0.10                 0.10                 0.12                 0.11                 0.10
2022-05           0.10           0.11               0.18               0.11               0.12               0.11                 0.16                 0.10                 0.11                 0.13                 0.11                 0.10
2022-06           0.10           0.10               0.17               0.11               0.12               0.11                 0.15                 0.10                 0.11                 0.13                 0.11                 0.10
2022-07           0.11           0.11               0.19               0.12               0.12               0.12                 0.17                 0.11                 0.12                 0.14                 0.12                 0.12
2022-08           0.12           0.12               0.19               0.13               0.14               0.13                 0.17                 0.12                 0.13                 0.15                 0.13                 0.12
2022-09           0.09           0.09               0.13               0.10               0.10               0.09                 0.12                 0.09                 0.09                 0.11                 0.10                 0.09
2022-10           0.09           0.09               0.12               0.10               0.10               0.09                 0.11                 0.08                 0.09                 0.11                 0.09                 0.08
2022-11           0.09           0.09               0.12               0.09               0.09               0.08                 0.11                 0.09                 0.09                 0.10                 0.09                 0.08
2022-12           0.08           0.09               0.10               0.09               0.08               0.08                 0.10                 0.08                 0.08                 0.10                 0.09                 0.08
2023-01           0.08           0.10               0.11               0.09               0.09               0.09                 0.11                 0.09                 0.08                 0.11                 0.10                 0.09
2023-02           0.09           0.09               0.11               0.09               0.09               0.08                 0.10                 0.08                 0.08                 0.10                 0.09                 0.09
2023-03           0.10           0.11               0.11               0.12               0.11               0.10                 0.11                 0.10                 0.10                 0.12                 0.11                 0.11
2023-04           0.10           0.11               0.12               0.12               0.12               0.11                 0.12                 0.10                 0.11                 0.12                 0.11                 0.11
2023-05           0.09           0.09               0.09               0.11               0.12               0.09                 0.10                 0.10                 0.11                 0.12                 0.09                 0.09
2023-06           0.09           0.08               0.08               0.10               0.11               0.08                 0.09                 0.09                 0.09                 0.10                 0.09                 0.09
2023-07           0.09           0.09               0.17               0.10               0.11               0.09                 0.14                 0.09                 0.09                 0.11                 0.09                 0.09
2023-08           0.10           0.10               0.19               0.11               0.11               0.10                 0.16                 0.09                 0.10                 0.12                 0.10                 0.10
2023-09           0.09           0.09               0.18               0.10               0.11               0.10                 0.15                 0.09                 0.10                 0.12                 0.09                 0.10
2023-10           0.08           0.08               0.10               0.09               0.08               0.07                 0.10                 0.08                 0.08                 0.09                 0.07                 0.07
2023-11           0.07           0.07               0.08               0.08               0.08               0.07                 0.08                 0.07                 0.07                 0.08                 0.07                 0.07
2023-12           0.07           0.07               0.08               0.08               0.08               0.07                 0.08                 0.07                 0.07                 0.08                 0.07                 0.07
2024-01           0.07           0.07               0.08               0.08               0.08               0.07                 0.08                 0.07                 0.07                 0.09                 0.07                 0.07
2024-02           0.08           0.07               0.09               0.09               0.09               0.07                 0.09                 0.08                 0.08                 0.09                 0.08                 0.08
2024-03           0.08           0.08               0.08               0.10               0.09               0.08                 0.09                 0.09                 0.08                 0.10                 0.08                 0.08
2024-04           0.08           0.07               0.08               0.10               0.09               0.08                 0.08                 0.08                 0.08                 0.09                 0.08                 0.08
2024-05           0.08           0.07               0.08               0.09               0.09               0.07                 0.08                 0.08                 0.08                 0.09                 0.07                 0.07
2024-06           0.14           0.13               0.11               0.09               0.11               0.09                 0.11                 0.09                 0.09                 0.11                 0.09                 0.08
2024-07           0.20           0.25               0.13               0.11               0.12               0.10                 0.12                 0.10                 0.11                 0.12                 0.10                 0.10
2024-08           0.20           0.41               0.13               0.11               0.12               0.10                 0.12                 0.10                 0.11                 0.12                 0.10                 0.10
2024-09           0.24           0.30               0.09               0.09               0.09               0.08                 0.09                 0.08                 0.08                 0.09                 0.08                 0.08
2024-10           0.29           0.40               0.09               0.09               0.09               0.08                 0.09                 0.08                 0.08                 0.10                 0.08                 0.08
2024-11           0.19           0.51               0.08               0.08               0.08               0.06                 0.08                 0.07                 0.07                 0.08                 0.07                 0.07
2024-12           0.24           0.55               0.08               0.08               0.08               0.07                 0.08                 0.07                 0.07                 0.08                 0.07                 0.07
2025-01           0.30           0.52               0.09               0.10               0.09               0.08                 0.09                 0.08                 0.08                 0.09                 0.08                 0.08
2025-02           0.39           0.52               0.10               0.15               0.13               0.12                 0.11                 0.12                 0.10                 0.15                 0.09                 0.12
2025-03           0.48           0.50               0.17               0.31               0.22               0.18                 0.16                 0.19                 0.15                 0.18                 0.17                 0.16
2025-04           0.45           0.41               0.17               0.29               0.30               0.31                 0.18                 0.30                 0.25                 0.30                 0.14                 0.16
2025-05           0.40           0.39               0.31               0.41               0.28               0.24                 0.33                 0.29                 0.26                 0.25                 0.24                 0.15
2025-06           0.37           0.37               0.28               0.53               0.38               0.30                 0.28                 0.37                 0.32                 0.24                 0.37                 0.23
2025-07           0.30           0.32               0.30               0.51               0.46               0.48                 0.25                 0.35                 0.65                 0.26                 0.30                 0.27
2025-08           0.29           0.29               0.32               0.42               0.50               0.31                 0.27                 0.48                 0.31                 0.26                 0.30                 0.32
2025-09           0.27           0.34               0.31               0.33               0.42               0.35                 0.25                 0.44                 0.57                 0.28                 0.27                 0.32
2025-10           0.26           0.54               0.29               0.27               0.33               0.48                 0.28                 0.33                 0.43                 0.53                 0.23                 0.24
2025-11           0.45           0.55               0.44               0.25               0.27               0.41                 0.32                 0.27                 0.34                 0.45                 0.32                 0.22
2025-12           0.55           0.50               0.51               0.38               0.25               0.36                 0.42                 0.27                 0.30                 0.39                 0.33                 0.29
2026-01           0.51           0.47               0.44               0.44               0.24               0.32                 0.45                 0.48                 0.28                 0.36                 0.39                 0.35
2026-02           0.49           0.45               0.41               0.44               0.25               0.31                 0.40                 0.46                 0.29                 0.34                 0.45                 0.46
2026-03           0.48           0.44               0.35               0.42               0.26               0.29                 0.34                 0.44                 0.28                 0.31                 0.42                 0.54
2026-04           0.49           0.45               0.33               0.43               0.26               0.29                 0.31                 0.40                 0.27                 0.29                 0.38                 0.50
2026-05           0.47           0.42               0.31               0.38               0.26               0.28                 0.29                 0.37                 0.27                 0.28                 0.33                 0.44
2026-06           0.46           0.42               0.30               0.36               0.26               0.27                 0.28                 0.34                 0.25                 0.27                 0.32                 0.42
2026-07           0.45           0.42               0.29               0.34               0.25               0.26                 0.26                 0.33                 0.25                 0.26                 0.31                 0.40
2026-08           0.40           0.38               0.25               0.30               0.23               0.24                 0.24                 0.28                 0.23                 0.24                 0.28                 0.36
2026-09           0.39           0.38               0.27               0.30               0.24               0.26                 0.25                 0.29                 0.26                 0.26                 0.28                 0.36wrote results_s2/stargate_abilene.csv


roof-on month (first month >= threshold, sustained):
  phase1_block1              2025-02
  phase1_block2              2024-08
  phase2_mid_block1          2025-08
  phase2_mid_block2          2025-05
  phase2_mid_block3          2025-06
  phase2_mid_block4          2025-07
  phase2_south_block1        2025-11
  phase2_south_block2        2025-06
  phase2_south_block3        2025-06
  phase2_south_block4        2025-10
  phase2_south_block5        2025-11
  phase2_south_block6        2025-08
